235
106
103
377
28
116
442
145
467
277
448
108
86
167
434
40
49
142
32
38
85
133
52
435
124
85
132
165
495
207
189
451
129
87
191
122
389
168
49
805
147
63
357
174
976
289
133
259
680
129
24
396
5
31
65
116
307
7
89
450
58
333
21
361
29
631
107
554
117
70
260
211
211
28
274
630
363
131
195
355
579
688
389
158
185
160
45
56
222
25
191
257
56
187
3
375
618
122
151
158
222
648
184
66
702
239
258
273
106
233
50
9
529
1
84
379
32
85
475
126
23
10
683
124
136
8
378
722
338
352
144
301
866
191
373
15
702
210
69
317
33
181
400
719
300
347
185
161
524
63
300
158
14
61
113
62
262
255
163
148
259
540
176
387
171
7
156
256
362
110
49
249
198
224
4
140
96
23
51
326
326
37
854
200
75
634
51
26
501
126
171
107
172
99
587
89
330
61
124
509
530
203
13
77
38
714
327
52
400
107
160
1
134
324
8
46
40
105
124
47
852
273
188
41
304
60
219
405
58
153
373
87
721
39
31
122
48
107
126
105
108
636
285
299
48
40
22
125
16
333
203
752
86
236
268
128
178
723
284
595
102
57
283
303
